4,1
88778.414062
36760.332031
114375.585938
74695.101562

1,4
102988.093750,95816.921875,119723.906250,74051.015625

12,6
69719.312500,11438.063477,76033.125000,18168.421875,88429.570312,30401.542969
71683.812500,87229.242188,82846.250000,52142.042969,70316.070312,77117.359375
54405.820312,112290.046875,44114.554688,99875.984375,120048.398438,39048.031250
54049.156250,85370.109375,75808.359375,44968.042969,36608.515625,14620.883789
24499.433594,8968.732422,10888.088867,98550.445312,79153.156250,35899.539062
92851.406250,25415.769531,47337.601562,45427.835938,43584.191406,12310.471680
75829.375000,115268.000000,99539.710938,35218.925781,43953.339844,46399.085938
112336.289062,98359.156250,35232.433594,32994.144531,74778.453125,31824.132812
72042.171875,5370.907227,117194.242188,24393.839844,50338.953125,30346.060547
39014.726562,74838.382812,39314.792969,49902.812500,49932.132812,118467.953125
85802.351562,19326.839844,20427.027344,9683.254883,64754.675781,64011.222656
21993.726562,17127.347656,55822.519531,121533.445312,52346.277344,99775.867188

6,12
41225.863281,74678.328125,79708.265625,74220.007812,26000.076172,111532.398438,22805.490234,31370.982422,105269.945312,47199.332031,81709.937500,12159.303711
86214.054688,33091.617188,51474.097656,12660.167969,83023.750000,46485.351562,98462.515625,102350.593750,66912.382812,108145.781250,43648.562500,7466.898438
6682.803223,60775.914062,63289.417969,4759.545410,113122.187500,39608.582031,49235.375000,30891.353516,114286.906250,5486.938477,105111.367188,16830.285156
117019.335938,4460.155273,48201.269531,98832.585938,51659.484375,6454.505859,110991.882812,14416.840820,39546.125000,39009.281250,27077.009766,122569.882812
85494.632812,2082.830322,101463.765625,28950.314453,110228.609375,21655.630859,36417.210938,116911.406250,82431.546875,99706.625000,121670.953125,72097.023438
15858.510742,47449.628906,102988.382812,6688.718750,52936.566406,84643.046875,23519.003906,46499.207031,89103.203125,71720.273438,21875.083984,17305.988281

1,8
117720.906250,48419.546875,58799.835938,116834.085938,10457.479492,60882.667969,94841.148438,39407.792969

8,1
116496.773438
75825.000000
41109.285156
75471.617188
52074.933594
39323.539062
24111.947266
67933.445312

2,11
16253.040039,88286.671875,98141.171875,62752.246094,53933.175781,46404.742188,84627.328125,71239.164062,1122.821899,94037.601562,102962.000000
118843.726562,19000.441406,38305.128906,112221.109375,29457.919922,99187.796875,83605.554688,68865.710938,23385.671875,76645.632812,21234.015625

11,2
28660.550781,73308.953125
103818.500000,52772.496094
17785.693359,67134.976562
56416.125000,92407.851562
83388.007812,21246.101562
67092.320312,22683.556641
75179.273438,113497.062500
107310.890625,22961.744141
114619.882812,77891.789062
2467.037109,110006.914062
96892.226562,40772.167969

13,7
58920.175781,71759.156250,39888.937500,12109.108398,92993.171875,104383.898438,40769.656250
42845.421875,84745.695312,93542.156250,60631.113281,28423.964844,26501.583984,29582.269531
111811.976562,47747.687500,96674.593750,11038.830078,122926.968750,86714.953125,118349.718750
22432.009766,77878.140625,72784.796875,24899.046875,64428.351562,46220.320312,65671.218750
39742.972656,49113.769531,82174.476562,98663.148438,120872.929688,122063.414062,110772.257812
90409.398438,102990.617188,28085.214844,9798.124023,64279.609375,121627.367188,70429.242188
92703.570312,24672.255859,100011.507812,81058.851562,72419.945312,73229.406250,92097.671875
71890.203125,36487.656250,86990.695312,94322.218750,114365.796875,36318.792969,119221.265625
55337.449219,82539.117188,61435.785156,95080.421875,8196.186523,20153.562500,70286.875000
5612.414551,18760.281250,57602.425781,96021.812500,121750.898438,85687.640625,105819.937500
62573.808594,83858.320312,52792.480469,31820.677734,108530.578125,29347.289062,112879.523438
57493.816406,102576.695312,81520.500000,5927.324219,15607.646484,45054.496094,100249.546875
6516.744629,81373.289062,96014.109375,61854.195312,40455.707031,33993.191406,33477.917969

7,13
54146.753906,103764.789062,54264.308594,72907.039062,37910.519531,26829.425781,71201.234375,141.464630,9192.666016,10318.336914,83999.781250,61985.144531,42139.015625
69073.656250,91332.429688,31561.839844,3110.769287,70452.421875,113082.343750,9038.092773,86060.070312,34680.140625,109287.632812,92576.812500,116053.429688,81845.046875
30974.310547,33052.441406,115838.242188,64452.230469,81704.328125,46528.292969,44760.320312,12511.943359,119435.335938,82670.843750,39341.371094,67179.859375,82812.304688
48534.031250,77498.195312,43355.390625,110519.179688,119637.218750,112429.039062,78394.914062,27742.353516,115539.812500,25390.640625,17367.996094,1121.205322,111450.710938
52048.136719,110408.843750,80570.828125,44644.871094,68797.187500,111545.140625,77697.304688,61178.726562,52540.671875,35944.941406,107707.023438,97300.992188,48456.886719
103685.648438,56515.136719,87798.257812,47408.812500,15870.746094,12875.586914,1450.309692,59226.132812,123394.773438,121087.523438,48198.476562,78332.984375,25373.175781
40281.589844,103723.625000,42741.171875,41402.792969,91717.632812,94789.304688,28354.935547,48831.765625,15977.476562,97152.125000,36920.203125,93674.781250,34874.152344

9,3
63305.171875,54619.914062,122810.125000
119820.312500,18961.462891,46762.234375
12234.357422,31837.050781,48212.542969
71460.492188,31775.121094,45843.367188
119658.968750,110108.101562,71216.539062
36483.859375,90375.031250,113957.710938
77886.648438,58635.960938,85290.320312
106241.585938,107467.718750,101267.796875
79937.007812,20931.232422,71485.882812

3,9
110392.109375,77648.906250,10478.936523,50240.585938,8812.120117,9832.359375,46604.199219,27773.583984,56594.593750
58838.558594,59610.636719,104807.132812,6842.348145,91385.750000,27193.802734,3044.616943,78037.156250,98410.343750
39528.476562,44955.484375,88911.359375,117415.125000,103591.445312,50744.980469,100200.015625,87602.460938,28556.080078

1,6
48034.792969,95469.109375,54234.175781,58513.726562,22252.994141,63046.296875

6,1
68857.195312
90819.875000
1483.979980
4239.046875
26973.816406
106291.117188

5,6
14126.011719,72940.023438,108438.562500,53654.488281,117895.507812,73893.218750
47612.914062,98030.250000,1181.503540,24356.226562,62176.023438,29737.585938
81036.554688,47253.019531,6322.850098,5614.644531,19265.427734,60557.023438
64128.371094,41518.425781,146.618179,9017.759766,110375.617188,90966.500000
10501.740234,114614.656250,117940.312500,116792.851562,2239.357178,112843.179688

6,5
16365.368164,62326.515625,111802.937500,70019.859375,56765.324219
62239.464844,117632.765625,31338.876953,63420.964844,18532.292969
93514.906250,93158.546875,99568.843750,17311.222656,99481.398438
105183.492188,36576.652344,36581.718750,45855.167969,78095.078125
36728.339844,54872.921875,65013.992188,4238.136719,65374.664062
56171.949219,122178.445312,58710.820312,58411.308594,111564.937500

2,7
50421.433594,21339.832031,107200.070312,112660.890625,15515.898438,15082.247070,52625.156250
34048.195312,108597.148438,22327.003906,10160.339844,2451.669434,121808.406250,115343.828125

7,2
34933.425781,37742.296875
117123.398438,71661.765625
92615.218750,58680.687500
75899.906250,34533.187500
114852.632812,74621.648438
93244.000000,49807.246094
62729.882812,31862.503906

9,5
22467.052734,96907.992188,71488.125000,37982.953125,111990.242188
656.584656,72031.148438,97130.695312,22983.589844,82191.484375
99582.359375,21335.291016,74078.625000,15153.980469,56268.714844
111820.914062,8820.674805,4473.780762,80979.437500,67501.359375
80373.687500,115512.617188,58897.292969,31538.634766,85299.929688
108704.539062,94268.515625,117162.429688,109831.757812,83976.445312
75989.671875,8842.115234,57427.738281,24021.097656,46825.070312
45961.277344,24677.683594,118856.210938,19635.269531,47661.269531
77591.000000,119217.625000,68996.562500,28212.919922,10914.910156

5,9
16577.136719,19735.585938,6282.358398,97556.570312,87236.937500,86656.039062,89612.500000,22677.539062,118194.671875
51455.730469,7925.377441,89006.492188,45161.460938,117757.140625,49526.230469,121151.125000,3142.553467,106953.968750
21715.529297,49967.621094,29458.546875,46393.210938,45367.136719,49093.820312,94054.484375,122958.132812,44854.746094
39594.347656,27714.357422,55769.660156,41402.921875,44291.492188,75505.242188,47685.281250,18391.365234,39285.488281
10884.623047,108003.859375,61963.023438,5622.597656,36002.894531,69888.406250,94629.085938,81164.359375,64188.843750
