2,2
32262.339844,104525.312500
96850.632812,5836.582031

2,2
68525.000000,17120.507812
83755.835938,81699.460938

13,12
21803.947266,72694.734375,53138.218750,110972.085938,96056.140625,41869.199219,34014.773438,21024.888672,103324.875000,58780.113281,76133.031250,91484.523438
91981.984375,55311.863281,94271.968750,106837.781250,48778.878906,100056.359375,18806.791016,81041.218750,81124.976562,115657.421875,86877.796875,18805.898438
60725.726562,103998.304688,102561.734375,18968.488281,29568.404297,83072.554688,113977.000000,51372.351562,32310.587891,43658.519531,38887.738281,4910.028320
85527.718750,72902.515625,25934.916016,65395.902344,8225.926758,102067.953125,33423.730469,100207.914062,33923.113281,4238.999023,83588.992188,82701.992188
104295.359375,102395.781250,40286.511719,61963.632812,94596.507812,3707.611816,80769.531250,31865.529297,107705.921875,59874.562500,50834.015625,13817.625000
19490.417969,41354.312500,65189.980469,51801.003906,85012.835938,104077.710938,56711.035156,47083.847656,53523.527344,82645.953125,112479.750000,61749.453125
61257.203125,22446.777344,38500.664062,95180.312500,26685.777344,122089.656250,54425.605469,7524.434570,101028.742188,94712.117188,69488.070312,72168.539062
98419.726562,26800.898438,104034.070312,82668.945312,86675.460938,31411.384766,96486.578125,106165.875000,72765.703125,38219.847656,34510.183594,34321.832031
18840.861328,91221.210938,81405.679688,72364.382812,50410.468750,70428.734375,10657.141602,111667.664062,92875.507812,49157.804688,83391.281250,119561.289062
47790.757812,14360.185547,3629.021729,25362.796875,109072.296875,73117.085938,97531.335938,84035.328125,99917.992188,78108.703125,43247.574219,63136.746094
109520.085938,16277.446289,45845.925781,58829.085938,54497.296875,80356.109375,93150.914062,73338.156250,48120.625000,51099.898438,22245.843750,98531.101562
121528.632812,32902.988281,86742.070312,90947.437500,82060.789062,46676.648438,87052.023438,6394.853516,61036.832031,90681.046875,31757.652344,46652.433594
40341.433594,5832.285645,7231.059082,16802.722656,83940.992188,50478.632812,79939.468750,70004.375000,66756.078125,2328.697021,5376.761719,121253.375000

12,13
98527.679688,71134.828125,7348.734863,26170.876953,93380.671875,105879.835938,24242.808594,2826.960693,69165.203125,115190.250000,84887.757812,115841.843750,78785.578125
91282.609375,53421.976562,46009.921875,123040.257812,100074.414062,86351.359375,5415.842773,107305.468750,103154.085938,89356.835938,34327.406250,59636.855469,35904.507812
101083.484375,61965.546875,41281.269531,98880.156250,21193.658203,16352.248047,46558.289062,28542.394531,42523.125000,16482.263672,10965.525391,66765.929688,19309.222656
80130.726562,58499.484375,104196.976562,72515.867188,13828.356445,72022.882812,2481.150391,59838.277344,71606.437500,102555.562500,22732.937500,77022.281250,86404.328125
2430.319580,42922.414062,120731.742188,62067.175781,78826.921875,98358.523438,576.023254,120108.195312,73781.984375,21769.681641,13003.740234,120340.273438,50312.074219
55526.867188,13365.830078,61277.597656,122292.796875,32675.054688,17951.623047,57335.582031,13415.330078,90467.492188,71163.945312,85438.210938,92948.640625,7545.520020
33587.949219,72047.507812,30278.457031,110610.234375,34995.140625,32708.775391,30075.947266,32270.177734,94775.953125,108902.867188,7172.000977,95351.976562,105554.359375
80953.984375,117121.648438,118558.101562,77837.546875,43977.027344,50628.265625,91203.375000,105254.625000,49464.367188,421.733826,123206.250000,106799.953125,13837.063477
90217.046875,54507.195312,99275.273438,59708.992188,62052.714844,9406.528320,8299.795898,92331.171875,120016.765625,43294.937500,1583.249268,26636.009766,75565.117188
96359.195312,12082.178711,82737.117188,68254.468750,117636.539062,40234.398438,61919.429688,112737.937500,118071.945312,105896.453125,39909.503906,85818.625000,87694.382812
89373.875000,86240.359375,87443.929688,72717.125000,100077.429688,54204.277344,3767.622070,75896.000000,113913.265625,65820.335938,85302.531250,122213.062500,34694.808594
81862.593750,42051.300781,36278.058594,108498.601562,117616.421875,9180.557617,120580.781250,76896.835938,77435.031250,114760.617188,117131.234375,15897.757812,104041.851562

3,1
74108.406250
86031.898438
109868.539062

1,3
50019.128906,59128.964844,13512.793945

12,12
94679.976562,5260.221680,51254.625000,93436.335938,39955.031250,9660.517578,12030.938477,76233.085938,118159.117188,6190.656250,85413.640625,115283.203125
83087.492188,39391.976562,106587.117188,76762.023438,55289.734375,87172.273438,65051.808594,53627.250000,107666.929688,15703.510742,16202.444336,94078.765625
52595.578125,66221.570312,29751.035156,66108.375000,46988.277344,92647.617188,32060.468750,18211.552734,97907.843750,83315.101562,111647.890625,14406.171875
92975.617188,222.129578,90639.257812,87678.031250,6412.786133,52596.207031,79504.531250,89500.273438,91988.187500,62634.949219,42805.601562,23821.218750
26350.527344,107857.406250,77448.468750,10560.764648,104.216072,93650.914062,104639.531250,52699.792969,36415.781250,10933.871094,118808.164062,83404.062500
103581.484375,27411.939453,101615.617188,78032.632812,110727.031250,89806.804688,92438.804688,80245.945312,90028.929688,59621.363281,44467.281250,96441.726562
112217.570312,515.114441,62485.300781,80749.054688,63150.066406,105290.898438,104570.265625,89500.593750,89691.601562,58562.035156,100061.359375,89795.820312
28756.246094,81244.195312,19038.914062,65172.023438,92178.070312,14390.383789,25119.388672,72302.851562,41802.320312,3278.302490,26878.789062,29072.658203
93085.109375,119317.593750,109318.609375,59657.343750,55482.253906,30329.185547,32642.363281,44243.125000,30844.298828,95127.664062,1535.477905,93994.367188
76961.859375,106105.750000,60038.261719,43196.757812,41211.085938,36642.921875,9535.876953,69967.335938,117887.117188,28574.791016,11682.656250,86608.484375
42965.175781,36802.042969,35454.640625,84767.500000,40080.347656,62333.433594,113840.156250,9708.754883,58194.324219,99702.062500,69366.101562,113676.578125
6574.548340,102008.460938,34463.003906,37418.847656,73679.421875,35998.480469,7956.516113,27184.576172,18647.531250,67994.781250,70381.335938,59858.617188

13,12
79917.210938,6369.245117,99068.117188,108492.000000,18051.900391,62219.902344,28000.478516,54853.945312,97674.546875,112767.976562,94934.296875,36551.277344
103151.437500,104643.054688,94745.601562,79396.796875,50552.445312,84965.484375,85971.343750,29104.207031,119428.492188,123390.195312,102783.625000,31970.271484
7890.010254,6511.503418,50617.800781,75884.789062,76892.843750,110476.421875,57065.792969,33353.351562,116845.664062,32677.210938,18388.654297,11440.865234
94897.109375,46389.132812,66294.812500,69114.960938,35700.410156,37772.406250,105666.242188,15395.144531,18958.755859,76955.148438,94791.945312,69511.203125
38463.929688,57306.585938,98615.406250,34435.718750,57240.078125,77942.335938,66405.984375,65130.085938,84453.843750,117023.796875,17558.179688,37889.980469
104043.507812,74623.968750,71243.328125,97432.476562,107301.179688,89631.984375,108873.335938,78741.593750,12564.416016,51711.449219,24399.855469,48264.824219
89483.859375,6609.396484,63659.972656,108442.609375,83564.539062,34995.210938,54497.117188,122028.468750,92301.804688,29655.826172,33007.488281,26085.181641
107598.156250,99413.476562,91215.265625,68595.296875,92980.570312,108773.453125,106485.281250,73567.382812,59940.718750,54271.910156,47543.156250,43785.199219
20447.193359,32959.800781,122526.789062,33011.605469,84671.250000,23469.945312,81276.437500,50698.406250,30079.339844,21479.708984,35684.320312,113643.882812
56474.921875,90181.437500,112215.656250,25320.021484,119837.265625,21766.445312,51405.199219,103978.726562,121179.921875,19163.773438,49117.328125,90703.796875
4480.523438,32145.906250,40814.484375,64421.242188,86417.812500,88357.640625,108206.445312,106865.007812,121317.437500,107276.531250,16419.917969,82531.992188
7289.774902,97696.359375,9773.693359,37369.117188,119176.062500,45458.011719,27556.300781,52194.281250,12182.750000,16315.254883,77514.304688,8563.312500
38081.699219,5462.806641,112542.039062,35804.925781,24626.580078,38202.664062,3052.020996,29107.103516,70348.570312,43866.503906,93528.343750,33309.687500

2,9
6628.177734,62097.914062,33137.914062,89160.164062,69387.687500,7377.565918,98933.859375,106756.804688,3096.927734
20935.169922,10856.405273,55291.210938,33117.921875,27171.658203,9348.815430,41681.234375,65253.359375,14811.621094

9,2
101058.281250,39438.203125
68969.234375,104110.304688
68545.304688,15861.104492
24520.105469,38616.949219
49170.789062,33287.546875
116895.039062,65888.789062
39915.726562,55536.253906
99026.695312,5619.188965
1467.241821,106404.265625

3,11
2031.516602,119080.453125,41335.703125,35149.437500,22795.412109,50684.519531,76830.671875,88048.773438,65496.140625,107597.242188,65650.351562
104934.343750,53109.773438,46303.960938,50022.945312,68970.882812,70824.062500,88639.890625,118141.671875,104111.609375,82078.226562,60573.757812
20570.632812,14157.783203,36143.753906,26189.822266,15625.024414,19091.318359,7286.168457,392.372925,5135.810547,9317.685547,119472.820312

11,3
44467.121094,18811.539062,97156.031250
121297.789062,106860.312500,39195.468750
105438.335938,49053.964844,20673.109375
35091.410156,95357.921875,70696.054688
104062.289062,42725.285156,35879.246094
98747.257812,23380.195312,117957.476562
35864.316406,43950.828125,8658.562500
72008.070312,70140.648438,24283.587891
91099.390625,77426.820312,24675.960938
96235.195312,86744.507812,20692.085938
19250.013672,7754.928223,39503.625000

13,5
32144.812500,111034.359375,71961.203125,52817.921875,22669.064453
43862.421875,57.274342,3274.653320,86587.710938,35936.523438
102021.914062,109967.906250,30437.302734,14429.530273,30462.033203
39095.863281,86437.601562,100602.687500,63379.457031,54080.292969
54572.804688,88055.414062,26858.791016,17860.615234,108747.500000
46108.804688,25615.542969,24794.429688,39058.148438,31211.562500
47701.664062,71202.960938,18789.218750,119662.867188,564.181824
41458.285156,40068.589844,621.456177,44732.937500,3199.597168
36557.976562,23298.150391,113167.500000,66995.281250,37727.679688
20172.835938,106091.148438,708.581238,120775.523438,46013.902344
54788.875000,51891.628906,10612.616211,81647.664062,69752.250000
119360.117188,4299.767578,95367.789062,20697.845703,43357.914062
3122.651367,68399.507812,114560.875000,21911.871094,64605.675781

5,13
63370.156250,104674.257812,115746.515625,108103.093750,107873.859375,28847.792969,7944.544434,97584.664062,95843.070312,45672.222656,117757.500000,78477.523438,46380.804688
115076.320312,1034.723022,101169.679688,43511.250000,11647.338867,59360.640625,113263.500000,7550.756348,63660.406250,85174.578125,28248.601562,107018.328125,88297.234375
96648.109375,98122.500000,110209.109375,37797.085938,89790.859375,50122.562500,19014.648438,82080.671875,34768.953125,3431.808594,110928.468750,42713.500000,101016.476562
83314.843750,88385.718750,95317.265625,38335.664062,11309.830078,86936.890625,39370.382812,112479.515625,6991.437500,51017.722656,48383.449219,120254.929688,58568.480469
112043.859375,81972.812500,86817.078125,95605.476562,46813.347656,60008.492188,70271.281250,33565.750000,97805.578125,36605.441406,83688.312500,116820.226562,118686.109375

3,8
37714.062500,97811.804688,66016.015625,2643.086182,69672.375000,104351.679688,13952.916992,33152.562500
20265.363281,2975.725342,40144.000000,71283.085938,51359.175781,36942.234375,6394.868652,39946.335938
118915.039062,93211.953125,12095.114258,42271.691406,29763.746094,82366.398438,75837.445312,4112.625000

8,3
36069.050781,120932.859375,114201.242188
31069.615234,117728.187500,96902.421875
68783.679688,92083.296875,39461.742188
71426.765625,38298.972656,20356.720703
85379.687500,71451.531250,40622.085938
88355.406250,111595.531250,111905.171875
16257.881836,25081.066406,118300.039062
56204.214844,20539.410156,88055.289062

5,5
27209.027344,15191.842773,121931.664062,22724.164062,51260.894531
119407.820312,13468.711914,82330.507812,113679.304688,110371.132812
27657.490234,82305.906250,26376.179688,99084.250000,120604.875000
46732.898438,61007.234375,68599.718750,87354.984375,25905.941406
56738.546875,75803.460938,42163.824219,81819.609375,70646.804688

5,5
102359.023438,35245.398438,43210.667969,41713.425781,29607.734375
70419.695312,56905.265625,28082.697266,93143.859375,108166.164062
24033.812500,106612.570312,67039.976562,14256.420898,93527.007812
94697.468750,96562.320312,119903.195312,70325.015625,93710.500000
43179.390625,7875.552246,38853.515625,7077.676270,33781.492188

11,5
53954.976562,30071.238281,50856.660156,32857.296875,65316.636719
94067.328125,74570.718750,94924.367188,41030.324219,8019.292480
123007.062500,10717.485352,116185.453125,23584.175781,117330.062500
59768.730469,37840.593750,87400.367188,31009.492188,10946.222656
83846.859375,101334.507812,104656.734375,3569.546143,109210.062500
20053.544922,10647.222656,19534.857422,115645.609375,93528.359375
95480.179688,46143.882812,142.896973,22880.132812,79001.179688
65459.531250,116947.460938,30115.208984,36927.195312,34521.082031
38134.500000,36477.558594,45238.566406,30863.255859,60061.734375
39111.925781,90631.984375,97902.328125,3055.593018,121641.476562
108848.554688,86902.445312,99519.289062,90048.585938,90472.000000

5,11
110102.125000,101119.218750,104807.507812,102291.039062,71190.875000,76830.984375,24978.224609,71333.773438,99711.117188,103979.406250,13336.604492
93201.875000,10637.916016,50263.800781,4266.262695,48772.417969,86741.359375,49504.832031,79635.671875,23346.398438,88616.757812,46810.957031
121248.734375,91672.351562,44995.734375,106640.585938,55118.101562,21058.322266,73232.468750,22133.396484,106330.976562,59877.902344,123252.617188
87681.781250,38712.242188,70986.789062,41056.070312,63690.468750,18863.865234,17310.486328,44213.175781,32200.468750,110512.359375,54851.093750
82464.265625,114778.632812,103623.515625,45748.933594,40826.761719,59802.480469,69095.328125,5986.817383,106613.437500,66887.367188,97659.164062
