8,11
15921.706055,102941.101562,45707.289062,105810.851562,35320.957031,72766.773438,11592.797852,49696.765625,110488.132812,78619.351562,5018.962402
72562.632812,32102.373047,33988.621094,64422.750000,105961.156250,1509.292725,64070.171875,36071.703125,43175.433594,109975.609375,34649.734375
19606.837891,10702.817383,95108.398438,12131.489258,62509.847656,70158.156250,36084.199219,68858.640625,39739.496094,52005.906250,48343.042969
85446.789062,34360.062500,83664.007812,34756.863281,45952.859375,9904.071289,21788.292969,1115.507324,14923.034180,94350.929688,33217.878906
48911.656250,35316.980469,15722.329102,50420.949219,99387.156250,51794.031250,93596.382812,85906.062500,86443.765625,113203.218750,96608.882812
58095.464844,1878.011230,35662.027344,4796.920898,37962.210938,104520.679688,44536.414062,89968.109375,29407.021484,6526.499512,871.475647
113071.023438,41283.363281,46824.332031,122975.093750,63071.652344,47939.839844,14441.429688,33965.882812,81157.718750,63353.082031,69282.867188
96880.046875,113774.039062,45213.316406,25217.378906,83913.718750,7662.677734,111661.140625,73660.242188,104271.562500,46299.906250,75538.250000

11,8
51096.828125,113500.468750,120997.562500,95633.242188,80011.875000,26947.884766,102159.742188,80883.359375
16562.207031,19986.406250,4250.986816,16080.602539,83058.062500,52190.828125,30522.033203,117023.945312
9891.847656,93875.117188,62850.109375,106771.890625,84192.445312,108063.421875,8532.575195,44649.468750
115726.101562,120193.718750,118309.710938,96540.960938,43036.925781,70391.257812,113017.843750,94133.750000
60435.027344,110558.710938,66310.296875,16990.201172,14049.893555,45013.339844,97873.554688,30612.101562
64999.746094,102124.539062,46692.703125,24601.107422,30858.667969,77214.734375,18168.353516,40750.519531
47633.152344,81018.460938,24065.712891,8368.906250,65625.179688,32598.287109,53018.378906,57894.585938
29335.304688,47871.386719,30978.843750,72372.234375,118262.648438,20539.992188,43049.281250,55240.972656
7642.001953,109359.578125,72231.171875,21691.894531,30916.214844,46648.027344,52303.996094,95915.960938
25315.869141,98996.703125,120517.070312,56174.535156,52754.738281,15228.717773,96925.054688,100387.890625
96247.179688,120990.765625,108756.796875,38415.664062,30132.353516,38318.472656,96310.250000,59467.656250

13,7
80995.812500,24372.386719,51432.468750,12780.083984,32014.388672,37335.343750,85011.257812
53706.285156,68251.554688,8202.586914,106010.281250,40710.816406,33518.457031,81550.281250
37771.187500,89693.000000,10848.318359,52999.902344,63161.347656,111236.210938,25790.378906
60695.414062,96536.312500,64206.039062,90827.765625,11398.083008,37059.589844,26838.726562
97587.945312,40891.984375,35221.914062,55127.054688,65264.367188,86654.382812,67907.140625
97278.757812,533.028809,29461.699219,27528.341797,68784.585938,37664.289062,10081.919922
109495.406250,71182.742188,91632.195312,23809.890625,37419.035156,102480.515625,76809.796875
100580.382812,90260.031250,102600.171875,37819.097656,63339.640625,43349.515625,5190.166504
74737.718750,80409.101562,32028.892578,48868.964844,121301.085938,67250.812500,103996.015625
63108.753906,30448.494141,48446.460938,36930.816406,30981.523438,77908.156250,64459.152344
99766.109375,115572.445312,74541.070312,85804.820312,63298.488281,42716.574219,109614.710938
100717.523438,21740.394531,62967.800781,77841.203125,112000.421875,42111.273438,115660.304688
51883.355469,85460.789062,120850.468750,3164.375732,42413.191406,29422.666016,52033.339844

7,13
96673.476562,32572.660156,103366.343750,3665.267334,81019.125000,16840.457031,34646.789062,35470.585938,81299.617188,10956.199219,27586.330078,32383.990234,96761.015625
90884.812500,75100.570312,82919.023438,68145.640625,96840.953125,22430.123047,22530.148438,85384.679688,64541.398438,14733.752930,13811.335938,26545.484375,12127.523438
16975.712891,68958.671875,41550.187500,69009.054688,109216.265625,14766.962891,101581.718750,89125.898438,18432.230469,59144.136719,105966.351562,53079.019531,94614.718750
63809.273438,64035.218750,122201.054688,96193.257812,37339.535156,89629.171875,47837.125000,120258.562500,34318.109375,21221.386719,19231.984375,56848.261719,106606.070312
83773.382812,71582.015625,120417.406250,110318.867188,83709.539062,13936.414062,55820.847656,1803.026978,82945.468750,41580.406250,16569.988281,61070.480469,7249.605957
35002.222656,120214.617188,113215.968750,88081.234375,91372.640625,53568.535156,28659.755859,90116.992188,26305.097656,65999.289062,56289.460938,74142.218750,62801.152344
90607.570312,95363.609375,82033.132812,23999.132812,78512.976562,42349.816406,95581.140625,75473.679688,29211.980469,55833.984375,89410.093750,85032.820312,57637.011719

7,4
109969.343750,10406.135742,109209.218750,106727.257812
165.400360,73833.757812,74643.187500,53733.937500
102493.515625,41303.480469,80039.039062,45036.105469
97592.937500,30724.558594,107837.257812,64743.804688
2631.469971,66413.687500,88742.937500,81144.445312
108763.507812,60867.386719,33161.425781,14518.789062
116701.375000,122571.523438,99551.609375,50881.683594

4,7
102708.148438,1631.985352,34526.316406,113114.281250,110841.210938,17796.869141,113279.679688
61218.265625,92440.062500,43556.914062,40255.082031,10286.838867,139.251831,85291.187500
107879.773438,30863.810547,69671.742188,49166.882812,33495.281250,12628.740234,14453.122070
114639.726562,121392.250000,75320.507812,24344.453125,12454.336914,68565.179688,23459.271484

9,3
91257.398438,121078.851562,105999.265625
80914.976562,108463.351562,339.429535
70737.953125,46224.921875,92779.492188
114294.875000,86480.000000,103066.328125
114434.125000,48314.492188,87489.406250
21841.236328,117986.242188,13199.585938
55336.519531,7158.280762,27652.708984
46519.542969,5093.829102,102973.218750
70864.000000,17548.164062,48081.695312

3,9
6097.416992,44071.859375,42339.515625,97354.812500,41694.007812,24882.074219,54813.085938,26700.662109,25221.505859
2094.344238,72925.585938,118000.992188,116389.218750,35948.886719,97610.625000,107366.640625,84263.375000,61643.324219
5751.180176,78792.921875,74842.914062,61087.695312,85951.195312,102495.625000,107607.242188,91045.031250,82012.132812

8,9
25881.109375,114690.609375,50708.992188,68220.625000,88588.718750,92403.000000,93102.695312,19945.109375,119103.656250
118324.203125,22039.453125,68572.539062,112868.492188,14971.971680,104521.429688,87022.414062,122338.617188,65328.101562
25209.044922,4633.094727,20664.320312,100051.960938,65720.789062,106615.515625,79090.875000,49871.335938,74203.843750
37646.316406,104885.875000,59340.335938,44283.453125,7310.287109,50574.246094,94992.445312,75530.914062,15706.266602
63938.738281,45176.910156,35651.375000,59585.703125,40044.414062,57690.828125,4701.545410,29456.210938,72662.796875
109222.976562,116478.625000,71544.710938,51094.378906,18230.976562,76177.804688,71758.695312,118282.929688,18441.900391
54917.515625,73917.117188,68313.234375,5664.659180,111563.429688,49742.417969,65005.000000,32390.181641,57052.703125
115579.234375,3925.924316,9126.913086,7828.807617,67864.664062,54303.824219,43480.183594,3993.669678,94348.234375

10,8
8695.214844,347.748627,50377.109375,117918.187500,116826.382812,121921.820312,45555.863281,11600.657227
74642.929688,117314.562500,6426.891113,93084.835938,48775.375000,80344.007812,37941.371094,54440.035156
68450.734375,87683.781250,119445.031250,100840.921875,21279.789062,111567.570312,104766.835938,30406.703125
119396.382812,49174.808594,84710.523438,39419.863281,53168.476562,55602.062500,17134.173828,61863.687500
55949.812500,67511.281250,56325.183594,49319.492188,65976.406250,101881.039062,60920.148438,17162.640625
95738.906250,67347.039062,110247.476562,21057.580078,24234.343750,24732.146484,75497.617188,92685.078125
112415.937500,71485.945312,70069.296875,10239.021484,59596.820312,51379.437500,40645.722656,55536.500000
100554.250000,1899.550537,94956.359375,30266.025391,57501.613281,112090.539062,92129.718750,113451.429688
56145.121094,24998.197266,39314.214844,122121.531250,3422.542480,100234.367188,15827.473633,99161.445312
44124.703125,2618.249023,120219.031250,68359.054688,27350.394531,72259.945312,37587.429688,16309.628906

11,12
79886.007812,35579.464844,67194.382812,11965.810547,12677.012695,69093.929688,106922.179688,42943.035156,3138.840820,95556.015625,11616.054688,116590.265625
28244.435547,36614.253906,32447.785156,26909.265625,40036.796875,9225.450195,42736.738281,15741.543945,53350.156250,45354.988281,12503.872070,121709.203125
72705.382812,84763.812500,35839.933594,89015.015625,105053.007812,20039.960938,115563.664062,61482.320312,55619.425781,59301.339844,73448.132812,68296.437500
4938.567383,56913.605469,111239.476562,8077.407715,29012.914062,122855.531250,1210.974731,57257.351562,36013.085938,33658.757812,84166.609375,76049.875000
42884.207031,3446.653564,91791.421875,96234.367188,48801.640625,104295.289062,94486.867188,121507.023438,65602.414062,6870.101562,87065.335938,47198.718750
26910.062500,79172.296875,108681.039062,82529.484375,15016.943359,58672.464844,27369.228516,19955.509766,115586.070312,15152.005859,28032.917969,21142.283203
14550.836914,29243.894531,78399.632812,50563.921875,62902.648438,39109.546875,3157.102539,105786.867188,42556.203125,94948.523438,78564.523438,91357.843750
75787.117188,49594.691406,89408.164062,17932.832031,56464.796875,53016.804688,65131.550781,83374.859375,8732.409180,50355.886719,42447.648438,23749.351562
109028.351562,69816.875000,43704.859375,101157.718750,84968.882812,71737.781250,122300.007812,99519.718750,100981.671875,77242.945312,26626.941406,40427.625000
116352.484375,29784.042969,22757.787109,35451.988281,1275.868652,101322.312500,3353.131836,77062.984375,27460.304688,92761.304688,94995.820312,83925.101562
22321.406250,36670.671875,43843.257812,31053.812500,87026.562500,86290.906250,54803.167969,72598.210938,32651.080078,98508.031250,50299.238281,117619.960938

12,11
49142.542969,93682.976562,24314.082031,2928.784180,120309.921875,64741.707031,119281.273438,26637.263672,87499.492188,31276.562500,27913.130859
65365.105469,34629.691406,104976.125000,92825.406250,3934.292725,76515.242188,53293.812500,26255.699219,113185.914062,97137.070312,57309.515625
76755.773438,59971.277344,112112.679688,25897.289062,92622.359375,87164.007812,76196.531250,86785.617188,10496.416016,1882.370361,57011.902344
34810.496094,4811.154785,53865.121094,99552.210938,635.726318,80502.382812,63594.996094,31912.289062,108415.515625,5503.404297,66541.984375
89934.929688,98328.812500,70476.273438,42993.476562,28165.925781,96731.968750,32722.693359,1846.296631,30584.785156,109478.468750,61817.574219
19240.765625,11919.057617,30983.230469,106404.773438,88115.585938,117768.843750,116901.187500,89997.953125,51324.046875,28254.988281,94809.109375
105189.164062,4350.493652,95444.835938,62234.847656,67945.492188,3900.422607,47193.660156,73448.898438,70442.406250,13671.896484,48321.011719
17461.974609,56665.375000,76486.937500,114193.945312,89388.062500,78333.234375,21322.033203,75409.835938,16694.107422,40562.800781,87328.890625
47677.339844,23510.873047,51987.777344,41989.484375,16955.363281,18529.031250,93313.531250,45210.351562,113338.140625,75046.000000,49560.847656
85326.273438,13824.146484,117506.335938,89226.695312,61017.808594,67498.539062,36212.398438,74689.703125,115819.546875,53674.378906,7898.378418
68849.781250,44411.625000,97286.445312,23726.322266,65733.656250,49239.582031,40420.429688,106296.453125,13111.773438,88097.765625,6350.630371
65099.550781,6630.551270,23305.996094,83628.578125,99944.085938,68516.351562,73510.023438,51533.382812,118077.195312,35379.593750,65357.527344

8,3
56168.667969,37361.996094,77608.343750
48531.515625,91036.375000,85506.718750
117381.304688,11991.293945,59336.464844
17650.923828,77724.953125,108576.046875
58071.355469,60564.707031,121687.820312
22712.417969,66915.343750,63330.667969
29342.970703,90221.335938,23502.550781
5830.353027,35280.984375,97012.570312

3,8
29901.476562,8935.469727,122721.265625,18571.609375,10085.063477,2183.202393,74740.273438,47447.058594
79791.546875,123271.796875,15026.728516,41841.566406,117196.398438,27018.023438,101178.031250,11390.622070
104742.976562,86297.382812,69461.976562,41850.980469,84528.500000,92174.398438,108766.320312,24402.466797

13,6
3891.015869,110811.937500,21460.888672,61254.750000,17256.708984,30396.357422
60519.316406,35828.320312,40481.421875,62702.515625,110568.593750,87928.476562
19037.363281,110383.695312,102955.210938,60878.929688,104123.398438,6516.531250
38600.261719,115514.007812,111259.500000,1440.941406,61519.289062,29653.785156
85969.437500,30236.984375,14963.406250,110371.906250,28297.646484,90494.359375
34820.222656,32188.662109,77849.593750,56281.109375,93443.414062,95106.304688
86677.476562,30506.029297,7477.919922,3702.192871,93208.546875,118046.515625
91630.679688,112245.914062,104973.515625,71129.179688,49668.144531,85640.203125
77645.710938,88268.406250,77697.515625,65448.515625,89709.343750,15760.107422
95102.304688,52222.085938,45997.089844,110065.710938,39137.289062,74294.734375
77103.375000,73957.515625,106483.398438,31496.259766,6781.927246,76470.109375
3145.861816,93459.398438,106976.148438,10623.782227,97161.593750,76727.992188
5213.599609,65335.562500,65517.199219,110187.109375,13008.045898,115185.343750

6,13
90653.757812,79997.046875,26611.433594,32645.576172,46249.695312,42371.542969,4291.178223,98471.781250,88368.632812,114356.890625,14152.371094,39206.675781,68003.562500
88109.882812,22233.376953,99499.812500,94891.812500,98703.492188,102645.679688,64894.507812,82222.937500,113269.453125,38599.402344,35494.230469,118483.054688,103934.968750
101011.437500,105213.468750,116943.015625,92740.078125,54127.386719,84140.070312,49280.433594,80738.820312,116785.648438,95530.125000,123110.359375,121076.828125,70545.210938
88022.296875,111977.015625,84697.578125,3772.271240,56523.867188,49350.761719,26005.648438,32566.986328,20785.875000,1252.441528,11755.962891,85680.382812,83475.382812
1568.722778,823.092224,118969.617188,120051.781250,104758.062500,96524.343750,101808.554688,98244.375000,65807.734375,32479.238281,58927.746094,115088.164062,113218.054688
52256.691406,87161.585938,112871.726562,49876.816406,34250.093750,77437.320312,38397.132812,118947.671875,81209.593750,94921.007812,44841.738281,107215.242188,4031.286377

8,2
27851.300781,68486.359375
17355.970703,28674.392578
63999.269531,13951.054688
9975.753906,37066.921875
115759.609375,108220.132812
102874.648438,24782.148438
43691.171875,94506.109375
14543.507812,95947.867188

2,8
3958.529785,22367.988281,92461.093750,81395.843750,60765.121094,87952.070312,39148.734375,32229.421875
9337.104492,22907.275391,36260.710938,74964.710938,7918.255859,52047.960938,102816.015625,76404.617188

12,3
83354.984375,18009.462891,54014.109375
75657.890625,2772.890381,33432.058594
100440.046875,46464.062500,4481.471680
114983.554688,18955.234375,62692.472656
118942.078125,41323.222656,31696.869141
76881.226562,102088.343750,119648.937500
116029.968750,10861.067383,5529.341309
15480.541992,47121.773438,80494.054688
23398.798828,99169.734375,59853.375000
99803.414062,45116.964844,67887.078125
116750.601562,5015.249023,85896.546875
47308.011719,80673.140625,88669.437500

3,12
57656.484375,11676.802734,85221.539062,49183.332031,30632.037109,24457.314453,44668.710938,71955.265625,56154.183594,121549.945312,50586.906250,52346.421875
114123.210938,61447.972656,57875.761719,6147.046387,108569.750000,14913.119141,29545.843750,84282.781250,74766.492188,5892.557129,5943.050293,19196.876953
122643.156250,10958.298828,105093.421875,46494.468750,91631.437500,70306.156250,3777.839355,25831.222656,81982.968750,88999.382812,75014.554688,112615.000000
