2,4
63786.246094,40011.285156,3964.368164,104490.265625
61623.480469,40147.527344,65730.289062,113177.250000

4,2
82109.453125,121819.585938
89118.632812,8397.555664
10468.322266,25872.001953
10549.710938,57341.414062

9,11
18504.099609,15838.642578,105100.015625,17646.236328,99255.273438,79642.734375,33534.765625,45485.593750,81254.390625,39708.660156,104005.937500
21583.941406,79719.945312,107970.304688,2617.509277,17886.720703,24661.134766,68347.804688,7607.264648,96948.484375,27000.554688,5970.157227
62610.410156,35398.109375,16438.480469,88482.414062,45947.820312,73779.890625,106027.078125,20624.447266,41594.710938,1074.480591,36463.089844
23238.023438,18720.716797,12261.664062,102880.757812,52255.484375,57747.253906,60678.453125,91964.148438,38296.496094,82262.390625,48227.390625
22810.105469,84879.906250,66114.109375,47471.242188,29771.005859,73721.375000,20963.025391,56771.562500,79691.531250,83573.437500,92169.671875
96130.015625,48599.148438,14660.789062,46453.203125,31169.531250,35285.234375,88047.914062,32244.009766,71748.328125,111285.937500,50964.726562
84009.984375,90710.000000,103220.210938,18300.544922,27931.750000,71727.656250,56597.042969,110194.140625,119955.039062,79407.148438,71617.343750
62612.457031,3421.687256,101388.343750,12877.126953,24384.710938,34703.207031,92568.664062,107958.148438,3416.178955,65241.968750,33100.597656
18076.968750,111695.171875,64270.125000,53362.203125,76286.382812,96514.140625,1653.826904,64115.625000,24022.167969,85663.812500,31368.919922

11,9
103964.359375,59300.667969,75513.335938,37104.699219,46038.113281,72011.679688,116511.843750,117655.460938,11167.432617
119933.531250,95587.101562,24044.558594,20861.544922,6833.615723,116613.218750,5362.992676,10249.793945,58398.488281
38463.589844,28326.763672,46636.957031,102733.718750,81688.968750,122923.343750,75791.156250,83342.789062,63582.265625
99813.328125,45549.906250,94951.187500,103599.007812,26057.566406,30795.154297,55655.640625,63162.265625,76833.265625
4210.620117,56217.410156,71032.023438,15378.052734,52694.246094,43162.429688,39422.613281,73555.789062,49996.042969
32579.128906,78918.781250,60245.835938,90977.617188,117382.375000,88572.601562,14157.874023,96659.390625,46804.867188
13624.517578,48993.843750,6690.957520,77206.781250,25350.470703,52240.863281,48701.269531,5492.774414,78298.429688
79496.421875,61148.414062,18003.998047,32872.988281,65359.035156,74221.406250,103905.015625,80737.085938,3458.955566
23610.742188,120159.695312,77014.742188,73606.781250,29282.126953,32476.826172,10395.921875,120259.742188,26402.498047
98968.523438,10960.916992,123061.890625,22316.685547,24585.433594,48599.031250,29007.644531,101792.218750,73949.500000
81248.507812,27036.789062,79442.281250,36090.238281,106533.218750,17133.990234,54094.242188,15949.504883,82493.023438

13,6
8317.906250,20008.560547,36476.406250,85332.648438,93615.343750,65758.531250
117809.476562,104011.265625,62561.578125,20755.277344,79523.093750,73522.500000
20360.462891,101839.773438,98107.929688,68959.492188,7390.718750,76443.453125
19452.296875,88639.226562,103480.242188,98894.570312,1272.768677,86556.750000
116028.562500,55367.007812,102506.257812,75064.890625,60225.957031,98904.078125
114838.296875,68543.867188,118912.632812,27858.003906,30419.814453,89071.281250
93616.539062,24772.591797,69625.851562,32721.421875,45527.867188,25692.240234
106243.921875,65888.328125,4075.314209,80895.148438,11391.125977,11466.033203
33881.902344,30843.421875,100105.257812,13905.440430,6281.293457,101378.031250
100462.195312,122309.859375,33288.339844,79511.750000,73918.039062,93514.296875
54959.128906,65299.636719,38601.460938,50415.070312,93157.632812,69021.273438
16029.653320,63317.480469,93793.867188,85655.507812,96038.898438,15865.036133
111347.742188,78826.125000,81753.367188,115423.062500,36264.574219,93144.492188

6,13
70146.468750,531.217407,103537.648438,84051.914062,6812.510742,81458.984375,61057.406250,5665.664551,114747.320312,17112.457031,79583.703125,84804.914062,72071.585938
21426.636719,123406.375000,122486.656250,114584.273438,68970.953125,15059.609375,54445.054688,39308.117188,100715.117188,27027.253906,55173.148438,88606.156250,105853.375000
13469.819336,80572.515625,18661.246094,106614.312500,84004.898438,88807.718750,107145.531250,64085.851562,49402.929688,113958.046875,22088.132812,110460.335938,119623.703125
13378.750000,4116.093750,75750.710938,98183.664062,76187.679688,97177.351562,98133.335938,75217.632812,88304.914062,43647.585938,90277.250000,19293.271484,82955.695312
67535.664062,46320.527344,14672.150391,32685.117188,28717.203125,28141.968750,113257.632812,47378.445312,11299.583008,73805.828125,12729.464844,118445.117188,14434.984375
62132.394531,108946.460938,36523.117188,49136.031250,105113.468750,49901.867188,53252.125000,57407.472656,24628.830078,5983.106934,31128.117188,122762.164062,81200.750000

10,1
15269.608398
2452.052734
115556.953125
61590.136719
17124.203125
24785.371094
90307.335938
45266.171875
14586.299805
14229.084961

1,10
88392.132812,26958.550781,51554.171875,102827.117188,89090.945312,37043.929688,15893.532227,14770.276367,18700.689453,65795.398438

2,13
74005.507812,107236.281250,89729.703125,31749.552734,103212.617188,9226.054688,79770.843750,118482.226562,11678.106445,71871.101562,56615.664062,28802.310547,96656.476562
23466.298828,74068.484375,111242.773438,37695.382812,7177.538574,76178.203125,64653.933594,58731.710938,55548.617188,30288.179688,95775.640625,71442.148438,45058.457031

13,2
13780.852539,113080.859375
67127.789062,104205.085938
63629.664062,50907.367188
70478.085938,95379.226562
30663.283203,79704.140625
51693.367188,25688.808594
91382.250000,107.771591
82304.468750,120184.554688
96764.242188,105770.765625
70796.343750,84550.320312
20009.451172,77973.875000
37271.824219,84663.382812
13248.888672,92820.445312

3,2
36553.320312,100044.156250
54586.746094,26177.480469
43715.238281,35335.132812

2,3
94622.609375,105813.226562,61729.667969
1829.190674,62060.656250,113423.039062

12,12
109822.468750,26714.064453,86838.359375,92136.531250,97510.406250,47931.972656,112145.984375,52027.582031,85203.796875,73352.671875,65276.472656,54567.542969
64847.539062,50844.296875,95373.437500,101400.859375,27431.746094,26503.488281,4121.638184,71146.984375,61838.617188,93928.789062,42312.894531,44195.140625
32201.750000,44142.085938,106255.796875,22168.087891,71660.078125,12785.305664,12242.194336,58025.851562,39499.371094,99080.546875,26705.687500,13553.074219
23555.820312,15394.972656,65580.664062,108759.617188,88747.648438,7400.431152,39870.460938,30138.480469,58244.726562,11787.196289,8082.638672,85676.476562
38290.683594,12204.277344,33366.761719,100129.304688,106133.062500,75679.656250,20867.744141,14878.113281,119821.742188,3666.842773,37046.203125,68025.117188
16452.148438,49288.394531,2594.273193,55951.515625,24912.244141,29299.958984,69504.593750,48468.062500,44694.933594,11628.550781,33770.980469,9985.875000
19028.982422,73641.437500,40124.355469,77273.710938,85428.632812,48206.996094,39493.488281,262.619446,60411.273438,72860.242188,100391.921875,43087.636719
25083.199219,121259.664062,57965.746094,21448.240234,1469.809692,95011.953125,89473.367188,17921.957031,20843.646484,92067.632812,73873.476562,45755.886719
121367.593750,19921.367188,94223.953125,42605.824219,31549.917969,4538.235840,52591.699219,50578.902344,78179.679688,92716.062500,4395.911133,40151.613281
17466.351562,43889.394531,40414.230469,77877.625000,116749.640625,17349.455078,120965.257812,18376.142578,15152.421875,55474.308594,39824.378906,16622.230469
27029.556641,5841.043457,34544.187500,47873.207031,97908.679688,108417.664062,93629.093750,95819.570312,4882.334473,64396.347656,14968.697266,36432.253906
68934.585938,67560.406250,87011.156250,23657.558594,36819.757812,91407.062500,63809.167969,54286.109375,11839.761719,104223.406250,8707.035156,5132.703125

12,12
6215.595215,23508.845703,13268.581055,61689.906250,63333.230469,29890.812500,88719.460938,69174.265625,64435.003906,13135.965820,43626.250000,49395.968750
106765.054688,15989.120117,54278.304688,47704.703125,30957.820312,90710.554688,116639.289062,98518.218750,54265.011719,16840.148438,11881.275391,22215.378906
80649.320312,66167.382812,34055.140625,61416.027344,74874.414062,39187.843750,59532.183594,81090.015625,62696.687500,72800.765625,19323.218750,2573.216064
102691.578125,108042.679688,71747.484375,43669.882812,121178.648438,115373.734375,93065.851562,104487.007812,7906.156738,23887.455078,28735.011719,38863.976562
114598.015625,21917.601562,13925.494141,45406.324219,38757.750000,25806.769531,67621.703125,119407.070312,91974.156250,101676.843750,57366.394531,43391.875000
17407.986328,116898.585938,1025.188599,80104.679688,66242.640625,20348.408203,82677.890625,45477.523438,4934.389160,30968.677734,89147.398438,2656.335693
22885.714844,58756.554688,107143.343750,30791.871094,82644.007812,12421.652344,69655.851562,73785.312500,34339.253906,83581.335938,119191.648438,73097.000000
109388.109375,63356.644531,69047.375000,77905.562500,41576.789062,2957.068604,121297.437500,58984.773438,119855.648438,122322.625000,15632.749023,62641.589844
19214.332031,98310.640625,108119.109375,24148.720703,5822.617676,73809.820312,26805.056641,28708.332031,9109.671875,10491.697266,59500.203125,91753.679688
22913.349609,5699.349609,42082.296875,57252.605469,89280.687500,37817.238281,6892.907227,75212.101562,101173.890625,75940.281250,29660.964844,19293.972656
78897.351562,27501.699219,78278.742188,75296.296875,26367.625000,93911.492188,14481.189453,45581.957031,68765.429688,122600.296875,69730.679688,74588.046875
72953.421875,96535.734375,103296.382812,82063.093750,107027.437500,39339.886719,50360.070312,6484.084961,45039.234375,92442.375000,63736.687500,10863.226562

12,8
107976.796875,23113.177734,115736.289062,3814.069824,102010.531250,19781.289062,82092.812500,53850.125000
46148.914062,52547.613281,68331.312500,91730.867188,121313.046875,67474.914062,38004.851562,72444.398438
16971.636719,11083.887695,52284.078125,99034.726562,118111.320312,91623.968750,25938.103516,1138.707275
13206.500977,118380.468750,64875.398438,24069.728516,1726.683716,12048.292969,110145.054688,109703.484375
35161.472656,102424.640625,113517.554688,13715.298828,122205.937500,72153.664062,67565.421875,44898.148438
1244.577393,12440.037109,13172.321289,122557.617188,79914.960938,51177.171875,71545.312500,96886.593750
62261.062500,372.697601,72464.625000,56915.683594,91996.664062,98402.726562,58054.390625,105203.164062
93326.500000,122929.789062,5816.193359,95053.179688,11521.380859,115961.250000,81299.960938,46682.855469
94929.195312,71360.812500,60398.152344,93678.421875,20057.779297,4506.874023,15119.876953,21302.357422
16946.910156,28292.199219,20403.279297,96861.859375,79469.375000,91948.593750,70291.757812,18273.734375
92321.296875,19299.681641,75189.414062,60861.257812,117702.406250,9787.110352,42607.722656,87572.203125
9260.198242,48423.914062,59168.687500,20781.580078,40928.464844,17011.947266,67464.429688,12400.958008

8,12
4405.882324,106079.382812,108430.539062,8912.756836,121199.257812,6276.196289,25859.667969,26034.763672,26679.476562,122721.531250,105504.140625,118628.070312
69556.593750,321.171814,87492.664062,88856.273438,75510.585938,24897.224609,83101.976562,85297.703125,67504.945312,47217.480469,94557.898438,115928.867188
106386.171875,115339.484375,33400.628906,123398.117188,59347.207031,45801.589844,88314.171875,63753.097656,28424.273438,73288.015625,72665.843750,26166.837891
79564.210938,98525.515625,52201.597656,106243.687500,97790.351562,34249.039062,101415.054688,43890.242188,34570.207031,65451.023438,9289.815430,110080.804688
90348.250000,92391.796875,71921.804688,34396.496094,16152.576172,43023.003906,26868.658203,122538.742188,34905.777344,60269.289062,122480.156250,94252.992188
106070.875000,87337.632812,34549.378906,11038.447266,37168.949219,107215.234375,37205.285156,116733.164062,82284.046875,89406.890625,99520.140625,56617.699219
199.224411,77478.500000,100507.945312,34769.433594,19472.824219,109797.757812,21393.535156,109821.070312,78732.851562,93315.335938,20760.865234,94885.429688
12881.637695,47629.527344,93967.468750,47787.414062,107898.812500,92990.937500,18583.707031,90512.984375,56871.863281,53133.085938,101551.437500,94040.812500

8,4
119175.671875,104706.906250,63380.714844,52336.671875
104906.132812,17402.511719,29387.914062,16218.862305
36875.335938,15728.975586,37612.398438,23239.708984
94461.828125,7471.035156,44000.578125,65890.562500
20352.673828,91630.101562,36401.332031,68140.093750
76072.210938,5935.562012,86723.796875,43128.500000
62807.429688,16400.185547,21223.230469,33391.535156
53291.804688,36523.250000,120708.804688,49010.773438

4,8
60632.812500,101347.445312,122679.578125,78035.328125,7278.660645,15441.746094,114910.664062,23007.634766
53054.144531,14693.671875,117469.460938,60525.179688,58694.246094,59903.324219,80877.851562,26867.648438
96304.656250,25561.244141,102939.859375,102240.210938,112285.039062,22611.656250,41590.937500,5228.524902
43834.886719,74982.476562,58520.332031,80358.132812,72234.578125,107531.109375,98131.585938,9410.694336

6,6
92700.515625,112796.218750,78899.984375,115708.148438,42393.664062,93593.656250
109720.906250,102918.843750,28831.203125,46167.531250,60340.000000,55698.851562
19015.486328,85901.242188,35182.007812,121255.703125,74729.585938,57793.671875
39389.945312,79958.109375,101628.554688,114372.421875,15021.736328,58529.992188
63150.300781,122552.843750,33204.882812,72560.992188,84517.992188,7102.660156
36550.312500,53761.800781,119898.882812,115450.304688,46013.250000,38835.843750

6,6
32277.458984,18297.992188,114418.460938,78444.992188,78637.992188,46660.613281
97460.476562,41082.535156,81842.625000,95259.476562,115812.117188,16179.593750
11192.723633,72313.523438,117808.148438,2108.443604,87335.257812,52881.445312
65258.746094,86431.398438,86086.328125,14363.036133,47492.687500,93188.992188
50913.347656,101254.492188,89631.171875,42906.949219,23811.042969,5010.315918
5037.506836,56088.503906,23308.306641,119455.968750,11076.794922,101946.296875
