4,12
52943.011719,42271.453125,83877.585938,33356.585938,25843.833984,82480.187500,44601.046875,66929.617188,39401.855469,80633.648438,38830.300781,56410.843750
18580.207031,61283.777344,59283.000000,92863.703125,115623.054688,12085.253906,43293.460938,109668.406250,117298.453125,88732.945312,42505.972656,89448.234375
24160.083984,59424.355469,25173.900391,98718.656250,67858.539062,55536.402344,72871.656250,120801.546875,97807.851562,33292.546875,30701.433594,194.991150
115772.734375,75302.484375,67124.601562,31717.886719,32479.433594,105954.906250,88128.726562,51059.640625,43781.984375,23955.031250,20466.646484,35948.339844

12,4
63760.109375,22160.042969,29882.041016,29036.347656
64666.019531,119330.273438,53196.429688,633.674377
21047.476562,28458.390625,68492.210938,76583.875000
101330.046875,65837.062500,50935.035156,11165.896484
96538.500000,51130.027344,3481.926758,48384.277344
118254.632812,35199.812500,80863.710938,100752.843750
123328.546875,8466.652344,21078.126953,23826.878906
28933.298828,57026.468750,59867.167969,92693.406250
79186.515625,89749.210938,121729.757812,20395.830078
85622.781250,51469.484375,21029.505859,106670.257812
79927.875000,89521.718750,59797.433594,57801.218750
31902.078125,110732.468750,68967.117188,4983.875977

10,5
33203.730469,107648.859375,10775.164062,10499.872070,107520.703125
19241.816406,31577.998047,7890.882812,48175.117188,88604.468750
67758.046875,17411.820312,44334.285156,34050.554688,15684.874023
64730.109375,119673.335938,67154.359375,85759.625000,102886.898438
23625.531250,51824.636719,39227.628906,81426.750000,83726.718750
26503.398438,26937.167969,88710.593750,64909.199219,99386.210938
18622.046875,98112.929688,83578.367188,29397.210938,108612.796875
67642.367188,48639.027344,16734.095703,75533.257812,96814.140625
105338.562500,19834.605469,114225.960938,26216.148438,53885.160156
6454.136230,90946.265625,50101.800781,73608.500000,53249.183594

5,10
97234.023438,105073.820312,68759.617188,55204.074219,65343.839844,95263.015625,82141.242188,30597.730469,36715.511719,58070.753906
49219.777344,11371.736328,18192.421875,78616.992188,119984.531250,85834.796875,3799.314941,13261.927734,37911.351562,100613.460938
118600.492188,57745.957031,91382.718750,21359.943359,111631.117188,97836.851562,112306.210938,38276.218750,47988.652344,42098.691406
67808.210938,21765.974609,23715.814453,13111.129883,76970.046875,89059.648438,108374.148438,35654.593750,119657.382812,21632.958984
93725.343750,45420.460938,33004.695312,111917.773438,580.749512,29532.527344,74295.859375,4380.064453,42794.457031,112207.210938

5,2
72919.539062,59298.195312
34670.894531,47299.699219
48147.703125,72947.117188
95288.343750,90246.398438
17298.623047,117054.320312

2,5
30409.750000,70567.671875,79565.164062,15327.198242,106222.257812
75765.843750,36960.160156,76490.906250,121186.312500,69964.851562

6,5
15791.140625,2690.422607,18835.136719,4541.657715,107683.945312
56773.386719,51038.132812,57146.789062,116071.585938,85709.023438
104446.484375,40762.585938,35199.437500,76278.132812,7552.283203
52498.058594,69875.757812,121514.492188,82907.812500,16986.722656
77622.953125,98235.007812,123208.976562,29932.103516,11738.466797
76243.187500,27661.712891,81703.312500,17738.464844,25972.072266

5,6
33529.605469,28662.494141,76579.140625,38071.265625,12889.739258,9895.824219
89109.390625,70036.523438,2510.707764,51361.722656,51026.312500,43273.292969
86561.164062,3847.741943,50825.578125,15602.523438,73723.500000,48883.371094
98510.335938,90710.218750,3049.629150,73288.640625,90462.500000,32981.734375
85027.109375,43248.988281,60643.445312,43273.726562,60987.453125,86615.515625

2,10
54140.164062,9131.624023,4711.052246,64035.988281,98241.015625,74747.578125,66546.695312,26146.044922,2317.187256,109819.992188
112707.210938,6164.929199,37188.871094,4853.029297,79888.421875,86072.242188,103363.367188,47141.941406,89121.875000,53195.308594

10,2
122103.601562,14765.716797
57396.730469,59290.351562
58039.445312,118384.179688
22449.169922,35600.472656
89444.539062,14270.484375
89740.640625,98576.164062
18981.535156,30319.929688
73360.492188,93729.109375
96866.625000,99506.523438
96046.304688,83229.914062

3,10
93610.062500,58642.949219,83034.328125,73516.726562,105784.890625,48699.500000,3255.336426,119932.632812,47346.406250,18021.054688
53872.660156,106636.757812,76060.500000,48800.140625,5629.229004,111660.976562,14787.983398,19899.712891,77944.914062,113364.148438
38881.246094,108264.843750,63267.937500,9153.661133,81674.773438,39317.765625,105199.960938,41447.992188,4618.101562,83954.492188

10,3
98228.171875,19140.742188,121444.414062
48288.195312,1468.934937,46687.210938
51543.531250,121401.562500,94033.617188
69564.585938,51817.523438,77213.679688
22168.386719,100617.664062,82842.906250
10372.661133,115405.648438,102742.617188
88317.578125,105313.093750,18167.166016
73125.718750,45124.335938,27320.826172
31343.792969,84442.101562,9064.087891
72791.781250,89060.203125,93018.578125

13,1
109189.562500
112119.867188
113628.257812
32420.080078
40206.695312
111573.125000
2996.995117
109771.281250
39933.945312
80210.671875
8482.969727
17094.914062
39596.875000

1,13
9043.864258,18882.792969,107173.210938,114356.960938,37049.957031,56842.230469,36024.597656,64370.785156,88186.023438,120466.695312,73434.867188,37521.105469,86070.203125

10,4
31699.371094,10999.132812,15108.336914,21870.925781
43419.210938,55315.035156,9987.347656,46416.207031
41629.617188,49921.296875,3170.177490,50112.585938
67016.203125,42767.050781,68968.218750,76060.070312
61649.843750,52684.726562,66960.335938,98699.804688
109526.960938,102984.929688,39613.886719,74256.281250
99994.937500,113048.757812,111777.382812,62608.437500
32588.808594,13586.950195,89053.609375,64288.183594
24586.083984,104161.945312,86159.109375,68005.296875
36020.277344,96146.453125,114421.500000,77649.890625

4,10
117591.679688,4305.783691,89627.265625,36902.031250,73274.007812,42230.632812,98551.875000,2502.029053,109190.960938,73794.976562
112028.992188,88719.203125,113408.867188,62828.562500,65257.433594,103000.921875,51149.250000,4409.174805,12133.035156,64736.195312
93462.781250,76421.218750,89322.289062,74168.031250,39123.625000,33870.878906,110188.312500,11813.379883,24835.679688,64381.503906
34424.429688,18970.658203,68687.289062,594.990417,55872.691406,18504.589844,42825.621094,30967.865234,21006.621094,28559.890625

1,8
94715.007812,72407.468750,59079.832031,74259.234375,100.023857,63489.003906,86392.273438,64836.222656

8,1
39356.789062
30701.808594
107663.125000
78480.414062
64572.679688
94394.726562
90293.796875
89408.367188

5,4
104006.820312,1856.514282,40795.011719,122511.414062
44682.136719,71762.882812,20061.333984,73242.023438
53069.019531,29640.240234,67064.421875,24327.330078
102047.710938,2687.549805,98586.562500,102147.742188
66176.554688,61522.136719,43527.261719,99671.648438

4,5
74229.070312,83878.070312,55902.636719,15345.052734,54816.093750
22739.728516,104753.414062,90135.625000,24001.253906,89675.742188
70685.750000,25857.767578,7014.049805,69740.460938,70539.906250
78776.929688,89801.796875,20325.230469,8389.246094,119442.039062
